0,158500002513,158500006927
1,158500006927,158500002513
2,158500010757,158500006927
3,158500019021,158500020139
4,158500020139,158500019021
5,158500039411,158500040851
6,158500040851,158500052757
7,158500040977,158500052757
8,158500052757,158500118785
9,158500118785,158500052757
10,158500129117,158500159523
11,158500159523,158500200323
12,158500200323,158500159523
13,158500214435,158500229107
14,158500229107,158500214435
15,158500237627,158500273073
16,158500273073,158500237627
17,158500428729,158500436801
18,158500436801,158500437133
19,158500437133,158500436801
20,158500447553,158500437133
21,158500454525,158500457901
22,158500457901,158500454525
23,158500468857,158500478923
24,158500478923,158500468857
25,158500479921,158500515655
26,158500484429,158500515655
27,158500515655,158500484429
28,158500516565,158500526891
29,158500526891,158500516565
30,158500529047,158500569307
31,158500569307,158500529047
32,158500576403,158500569307
33,158500594507,158500597129
34,158500597129,158500594507
35,158500605647,158500606211
36,158500606211,158500605647
37,158500611579,158500606211
38,158500612893,158500627507
39,158500627507,158500612893
40,158500659221,158500670731
41,158500670731,158500659221
42,158500686765,158500730293
43,158500730293,158500686765
44,158500747347,158500755409
45,158500755409,158500747347
46,158500804577,158500810521
47,158500810521,158500804577
48,158500812279,158500821789
49,158500821789,158500812279
50,158500832267,158500832775
51,158500832775,158500839035
52,158500839035,158500832775
53,158500866241,158500919383
54,158500919383,158500930139
55,158500930139,158500919383
56,158500941403,158500930139
57,158500950797,158500941403
58,158501007795,158501037171
59,158501037171,158501007795
60,158501126913,158501143067
61,158501143067,158501126913
62,158501170007,158501185263
63,158501185263,158501170007
64,158501294025,158530000197
65,158501300583,158501310415
66,158501310415,158501300583
67,158501366399,158501366425
68,158501366425,158501366399
69,158501377785,158501414231
70,158501414231,158501377785
71,158501478351,158501493553
72,158501493553,158501478351
73,158501500255,158501508783
74,158501508783,158501549973
75,158501549973,158501508783
76,158501551109,158501557103
77,158501557103,158501551109
78,158501557263,158501557103
79,158501562605,158501603123
80,158501603123,158501562605
81,158501606343,158501628681
82,158501628681,158501606343
83,158501669217,158501674107
84,158501674107,158501702411
85,158501702411,158501674107
86,158501714973,158501800445
87,158501800445,158501714973
88,158501845445,158501861905
89,158501861905,158501845445
90,158502020297,158502024425
91,158502024425,158502020297
92,158502230269,158502231743
93,158502231743,158502230269
94,158502297793,158502299071
95,158502299071,158502297793
96,158502313605,158502326483
97,158502326483,158502313605
98,158502345077,158502347659
99,158502347659,158502345077
100,158502580997,158502585805
101,158502585805,158502580997
102,158502589833,158502624827
103,158502624827,158502589833
104,158502679921,158502681069
105,158502681069,158502679921
106,158502683611,158502681069
107,158502835889,158502847383
108,158502847383,158502835889
109,158502850425,158502870115
110,158502870115,158502885923
111,158502885923,158502870115
112,158502911917,158502870115
113,158502934945,158502939865
114,158502939865,158502934945
115,158502964229,158502939865
116,158503039581,158503042125
117,158503042125,158503077143
118,158503077143,158503042125
119,158503092609,158503077143
120,158503200193,158503227363
121,158503227363,158503200193
122,158503255975,158503297217
123,158503297217,158503304103
124,158503304103,158503297217
125,158503307661,158503313483
126,158503313483,158503307661
127,158503334873,158503367865
128,158503367865,158503334873
129,158503399779,158503439635
130,158503439635,158503399779
131,158503465273,158503472769
132,158503472769,158503476701
133,158503476701,158503472769
134,158503531357,158503536671
135,158503536671,158503531357
136,158503548069,158503562975
137,158503562975,158503548069
138,158503600689,158503617471
139,158503617471,158503622363
140,158503622363,158503617471
141,158503681165,158503686001
142,158503686001,158503697375
143,158503697375,158503686001
144,158503722177,158503697375
145,158503725609,158503722177
146,158503727271,158503730911
147,158503728727,158503730911
148,158503730911,158503727271
149,158503800201,158503800973
150,158503800973,158503803939
151,158503803939,158503816577
152,158503816577,158503803939
153,158503878307,158503888689
154,158503888689,158503892443
155,158503892443,158503888689
156,158503892947,158503939843
157,158503939843,158503892947
158,158504104657,158504117949
159,158504117949,158504134345
160,158504134345,158504117949
161,158504148593,158504155371
162,158504155371,158504148593
163,158504167577,158504155371
164,158504171213,158504171589
165,158504171589,158504171213
166,158504171807,158504171589
167,158504175827,158504189539
168,158504189539,158504175827
169,158504191105,158504194959
170,158504194959,158504290977
171,158504290977,158504194959
172,158504466713,158504486615
173,158504486615,158504508273
174,158504508273,158504486615
175,158504535789,158504549251
176,158504549251,158504535789
177,158504646905,158504661293
178,158504661293,158504646905
179,158504680791,158504661293
180,158504682725,158504700453
181,158504700453,158504682725
182,158504921371,158504968307
183,158504968307,158504921371
184,158505189195,158505222935
185,158505222935,158505189195
186,158505222979,158505253383
187,158505253383,158505222979
188,158505276043,158505253383
189,158505286989,158505301637
190,158505301637,158505286989
191,158505393731,158505301637
192,158505407647,158505454827
193,158505454827,158505407647
194,158505504685,158505538983
195,158505538983,158505504685
196,158505546973,158505548487
197,158505548487,158505594097
198,158505594097,158505548487
199,158505599515,158530000197
200,158505653139,158505653213
201,158505653213,158505653139
202,158505982555,158506004267
203,158506004267,158505982555
204,158506039059,158506045029
205,158506045029,158506039059
206,158506086437,158506086541
207,158506086541,158506086437
208,158506087007,158506086541
209,158506092285,158506087007
210,158506093403,158506113951
211,158506113951,158506093403
212,158506277613,158506286005
213,158506286005,158506297847
214,158506297847,158506286005
215,158506345859,158506383939
216,158506383939,158506345859
217,158506392269,158506404841
218,158506404841,158506392269
219,158506480705,158506490105
220,158506490105,158506480705
221,158506495271,158506548515
222,158506548515,158506495271
223,158506558059,158506569601
224,158506569601,158506558059
225,158506597215,158506598841
226,158506598841,158506597215
227,158506606227,158506650373
228,158506650373,158506606227
229,158506670445,158506650373
230,158506811071,158506838305
231,158506838305,158506811071
232,158506904231,158506917633
233,158506917633,158506904231
234,158506964349,158506917633
235,158507013203,158507025965
236,158507025965,158507013203
237,158507056279,158507070967
238,158507070967,158507056279
239,158507138027,158507149473
240,158507149473,158507138027
241,158507158161,158507149473
242,158507300273,158507308113
243,158507308113,158507300273
244,158507315643,158507308113
245,158507321259,158507315643
246,158507322815,158507330437
247,158507330437,158507322815
248,158507349631,158507350023
249,158507350023,158507363655
250,158507363655,158507350023
251,158507479791,158507506143
252,158507506143,158507479791
253,158507512341,158507506143
254,158507526555,158507531557
255,158507531557,158507526555
256,158507575155,158507587401
257,158507587401,158507606357
258,158507606357,158507587401
259,158507620979,158507606357
260,158507677819,158507681681
261,158507681681,158507677819
262,158507685071,158507689477
263,158507689477,158507685071
264,158507706023,158507689477
265,158507708923,158507711373
266,158507711373,158507772285
267,158507772285,158507711373
268,158507823849,158507772285
269,158508326971,158508337633
270,158508337633,158508326971
271,158508345711,158508353537
272,158508353537,158508345711
273,158508363811,158508364921
274,158508364921,158508363811
275,158508364923,158508364921
276,158508377453,158508415291
277,158508415291,158508415671
278,158508415671,158508415291
279,158508417651,158508429945
280,158508429945,158508417651
281,158508432287,158508433931
282,158508433931,158508432287
283,158508461399,158508474721
284,158508474721,158508570305
285,158508570305,158508474721
286,158508640923,158508650605
287,158508650605,158508640923
288,158508828513,158508828521
289,158508828521,158508828513
290,158508829495,158508828521
291,158508834995,158508858951
292,158508858951,158508834995
293,158508866613,158508905427
294,158508905427,158508866613
295,158508912029,158508948493
296,158508948493,158508912029
297,158509011511,158509022995
298,158509022995,158509066781
299,158509066781,158509022995
300,158509075175,158509095471
301,158509095471,158509075175
302,158509098819,158509095471
303,158509120511,158509121633
304,158509121633,158509120511
305,158509121655,158509122737
306,158509122737,158509121655
307,158509140405,158509215759
308,158509215759,158509140405
309,158509276523,158509281943
310,158509281943,158509296887
311,158509296887,158509281943
312,158509399171,158509505845
313,158509505845,158509399171
314,158509576799,158509585457
315,158509585457,158509576799
316,158510106697,158510132137
317,158510132137,158510106697
318,158510151261,158510151975
319,158510151975,158510151261
320,158510204039,158510216095
321,158510216095,158510204039
322,158510372559,158510870467
323,158510870467,158510372559
324,158510912383,158510916321
325,158510916321,158510912383
326,158514081677,158514082507
327,158514082507,158514081677
328,158514086813,158514096313
329,158514096313,158514086813
330,158514123183,158530000899
331,158514136933,158514123183
332,158514169269,158514188329
333,158514188329,158514169269
334,158514202267,158514202411
335,158514202411,158514202267
336,158514324239,158514334291
337,158514334291,158514324239
338,158514402335,158514437601
339,158514437601,158514456769
340,158514456769,158514437601
341,158514490265,158514499177
342,158514499177,158514490265
343,158514511951,158514535491
344,158514535491,158514511951
345,158514573745,158514581337
346,158514581337,158514573745
347,158514619431,158514630735
348,158514630735,158514619431
349,158514637137,158514641981
350,158514641981,158514637137
351,158514644249,158514685721
352,158514685721,158514703685
353,158514703685,158514685721
354,158514731597,158514732491
355,158514732491,158514768909
356,158514768909,158514732491
357,158514778439,158514786023
358,158514786023,158514778439
359,158514801851,158514838571
360,158514838571,158514801851
361,158515157597,158515236453
362,158515236453,158515157597
363,158515502211,158515236453
364,158515507017,158515508537
365,158515508537,158515507017
366,158515549187,158515552107
367,158515552107,158515549187
368,158515559801,158515580887
369,158515580887,158515581635
370,158515581635,158515580887
371,158515687709,158515706203
372,158515706203,158515687709
373,158515713347,158515729817
374,158515729817,158515743835
375,158515743835,158515729817
376,158515744097,158515802927
377,158515802927,158515744097
378,158515805269,158515832587
379,158515832587,158515805269
380,158515839059,158515832587
381,158516007465,158516016045
382,158516016045,158516007465
383,158516016689,158516021289
384,158516021289,158516040635
385,158516040635,158516067009
386,158516067009,158516079081
387,158516079081,158516067009
388,158516080125,158516079081
389,158516086365,158516092627
390,158516092627,158516086365
391,158516098299,158516103245
392,158516103245,158516122039
393,158516122039,158516103245
394,158516123135,158516122039
395,158516330577,158516403455
396,158516403455,158516330577
397,158516425659,158516431899
398,158516431899,158516425659
399,158516501585,158516509877
400,158516509877,158516501585
401,158516509943,158516539945
402,158516539945,158516509943
403,158516549441,158516561749
404,158516561749,158516549441
405,158516587601,158516597249
406,158516597249,158516632803
407,158516632803,158516597249
408,158516632821,158516637869
409,158516637869,158516632821
410,158516670415,158516675267
411,158516675267,158516670415
412,158516741431,158516746181
413,158516746181,158516741431
414,158516809643,158516819309
415,158516819309,158516809643
416,158516819557,158516819309
417,158516910421,158516916291
418,158516916291,158516922673
419,158516922673,158516916291
420,158516980805,158516995351
421,158516995351,158516997599
422,158516997599,158516995351
423,158517064251,158517068021
424,158517068021,158517064251
425,158517126139,158517133835
426,158517133835,158517126139
427,158517155115,158517166011
428,158517166011,158517155115
429,158517170137,158517180175
430,158517180175,158517170137
431,158517184387,158517232731
432,158517232731,158517184387
433,158517520405,158517520667
434,158517520667,158517520405
435,158517581785,158517601935
436,158517601935,158517581785
437,158517633587,158517643493
438,158517643493,158517633587
439,158517798705,158517830421
440,158517830421,158517840695
441,158517840695,158517830421
442,158517891087,158517896353
443,158517896353,158517891087
444,158519492595,158519821245
445,158519821245,158519999771
446,158519999771,158519821245
447,158520113163,158520145943
448,158520145943,158520113163
449,158520160217,158520203085
450,158520203085,158520160217
451,158520241225,158520282679
452,158520282679,158520241225
453,158520359911,158520402681
454,158520402681,158520359911
455,158520413525,158520430231
456,158520430231,158520413525
457,158520467311,158520469681
458,158520469681,158520467311
459,158520476383,158520479599
460,158520479599,158520476383
461,158520517353,158520543287
462,158520543287,158520517353
463,158520577041,158520543287
464,158520617483,158520577041
465,158520652951,158520675947
466,158520675947,158520652951
467,158520679883,158520682957
468,158520682957,158520679883
469,158520690339,158520691661
470,158520691661,158520690339
471,158520741311,158520756013
472,158520756013,158520741311
473,158520806509,158520836609
474,158520836609,158520842209
475,158520842209,158520836609
476,158520843211,158520842209
477,158520883527,158520893183
478,158520893183,158520883527
479,158520925953,158520934685
480,158520934685,158520946757
481,158520946757,158520934685
482,158520966749,158520970381
483,158520970381,158520966749
484,158520980947,158521004763
485,158521004763,158520980947
486,158521013619,158521041611
487,158521041611,158521013619
488,158521047115,158521053381
489,158521053381,158521057825
490,158521057825,158521053381
491,158521073049,158521073299
492,158521073299,158521073049
493,158521088207,158521098069
494,158521098069,158521102621
495,158521102621,158521098069
496,158521127627,158521133429
497,158521133429,158521127627
498,158521135089,158521136129
499,158521136129,158521139133
500,158521139133,158521136129
501,158521251945,158521277665
502,158521274895,158521277665
503,158521277665,158521274895
504,158521301133,158521312093
505,158521312093,158521301133
506,158521326667,158521327187
507,158521327187,158521326667
508,158521463955,158521467495
509,158521467495,158521463955
510,158521494781,158521497013
511,158521497013,158521494781
512,158521510223,158521497013
513,158521510591,158521517957
514,158521517957,158521510591
515,158521553221,158521560133
516,158521560133,158521553221
517,158521584149,158521595315
518,158521595315,158521584149
519,158521616791,158521621401
520,158521621401,158521639365
521,158521639365,158521621401
522,158521675925,158521688857
523,158521688857,158521675925
524,158521737503,158521749437
525,158521749437,158521737503
526,158521754357,158521749437
527,158521762619,158521773577
528,158521773577,158521762619
529,158521782597,158521773577
530,158521798391,158521782597
531,158521871795,158521987855
532,158521987855,158521871795
533,158522003231,158521987855
534,158522016407,158522020289
535,158522020289,158522016407
536,158522026731,158522029013
537,158522029013,158522026731
538,158522117451,158522134689
539,158522134689,158522117451
540,158522134783,158522171733
541,158522171733,158522134783
542,158522189097,158522171733
543,158522227109,158522247851
544,158522247851,158522227109
545,158522270685,158522270977
546,158522270977,158522270685
547,158522302737,158522270977
548,158522402537,158522426187
549,158522426187,158522402537
550,158522448269,158522469787
551,158522469787,158522480881
552,158522480881,158522469787
553,158522502101,158522504541
554,158522504541,158522502101
555,158522508951,158522523887
556,158522523887,158522529493
557,158522529493,158522523887
558,158522530163,158522529493
559,158522546467,158522552093
560,158522552093,158522546467
561,158522555361,158522566517
562,158522566517,158522555361
563,158522643507,158522643685
564,158522643685,158522643507
565,158522645853,158522643685
566,158522656543,158522667023
567,158522667023,158522656543
568,158522679977,158522667023
569,158522736169,158522760979
570,158522760979,158522736169
571,158522763399,158522760979
572,158522775359,158522775393
573,158522775393,158522791957
574,158522791957,158522775393
575,158522843673,158522851845
576,158522851845,158522854543
577,158522854543,158522851845
578,158522855643,158522873851
579,158522873851,158522855643
580,158522931735,158522944879
581,158522944879,158522931735
582,158522952883,158522959505
583,158522959505,158522952883
584,158522963817,158522975279
585,158522975279,158522963817
586,158522995673,158523011425
587,158523011425,158522995673
588,158523011871,158523016227
589,158523016227,158523011871
590,158523058067,158523064905
591,158523064905,158523058067
592,158523077437,158523115599
593,158523115599,158523155177
594,158523155177,158523115599
595,158523175319,158523189557
596,158523189557,158523175319
597,158523211793,158523212067
598,158523212067,158523211793
599,158523221087,158523242175
600,158523242175,158523221087
601,158523254675,158523242175
602,158523270991,158523272017
603,158523272017,158523270991
604,158523272037,158523272017
605,158523273231,158523278461
606,158523278461,158523284315
607,158523284315,158523278461
608,158523317077,158523324811
609,158523324811,158523317077
610,158523332959,158523324811
611,158523344433,158523346579
612,158523346579,158523344433
613,158523362787,158523346579
614,158523373543,158523375321
615,158523375321,158523373543
616,158523389193,158523395825
617,158523395825,158523389193
618,158523400283,158523414665
619,158523414665,158523400283
620,158523450113,158523452477
621,158523452477,158523460421
622,158523460421,158523452477
623,158523473409,158523460421
624,158523498031,158523510401
625,158523510401,158523498031
626,158523602933,158523626521
627,158523626521,158523602933
628,158523653087,158523656103
629,158523656103,158523653087
630,158523670745,158523677105
631,158523677105,158523696303
632,158523696303,158523677105
633,158523705033,158523696303
634,158523734155,158523765287
635,158523765287,158523734155
636,158523779169,158523824259
637,158523824259,158523779169
638,158523828249,158523832593
639,158523832593,158523828249
640,158523836371,158523887077
641,158523887077,158523836371
642,158524002695,158524011011
643,158524011011,158524002695
644,158524011043,158524011325
645,158524011325,158524011355
646,158524011355,158524011325
647,158524082295,158524093715
648,158524093715,158524082295
649,158524093945,158524118791
650,158524118791,158524093715
651,158524140671,158524140979
652,158524140979,158524140671
653,158524169353,158524173395
654,158524173395,158524169353
655,158524184045,158524188957
656,158524188957,158524184045
657,158524191571,158524197883
658,158524197883,158524191571
659,158524216845,158524197883
660,158524442003,158524444617
661,158524444617,158524442003
662,158524546327,158524547255
663,158524547255,158524546327
664,158524555733,158524586395
665,158524586395,158524555733
666,158524695995,158524720705
667,158524720705,158524730057
668,158524730057,158524720705
669,158524766835,158524889799
670,158524889799,158524766835
671,158524891611,158524889799
672,158524898803,158524905125
673,158524905125,158524898803
674,158524905425,158524918501
675,158524918501,158524905425
676,158524930861,158524947177
677,158524947177,158524930861
678,158524951735,158524958169
679,158524958169,158524951735
680,158525084231,158525096627
681,158525096627,158525084231
682,158525153119,158525158375
683,158525158375,158525153119
684,158525174445,158525182429
685,158525182429,158525174445
686,158525253521,158525269175
687,158525269175,158525253521
688,158525277975,158525279595
689,158525279595,158525277975
690,158525281827,158525279595
691,158525374947,158525381441
692,158525381441,158525374947
693,158525387823,158525381441
694,158525392323,158525387823
695,158525421529,158525430615
696,158525430615,158525421529
697,158525436943,158525436983
698,158525436983,158525444655
699,158525444655,158525436983
700,158525446281,158525444655
701,158525454111,158525462527
702,158525462527,158525454111
703,158525537939,158525544297
704,158525544297,158525537939
705,158525562355,158525565685
706,158525565685,158525562355
707,158525613893,158525614165
708,158525614165,158525613893
709,158525639879,158525644927
710,158525644927,158525646999
711,158525646999,158525644927
712,158525678307,158525646999
713,158525689937,158525697191
714,158525697191,158525689937
715,158525740319,158525746715
716,158525746715,158525740319
717,158525758587,158525778735
718,158525778735,158525758587
719,158525781363,158525778735
720,158525799873,158525820327
721,158525820327,158525827525
722,158525827525,158525820327
723,158525919627,158525820327
724,158526042001,158526086507
725,158526086507,158526042001
726,158526091651,158526107931
727,158526107931,158526091651
728,158526172209,158526176815
729,158526176815,158526172209
730,158526185775,158526176815
731,158526189439,158526227413
732,158526227413,158526189439
733,158526233225,158526227413
734,158526252825,158526303217
735,158526303217,158526252825
736,158526321137,158526325669
737,158526325669,158526321137
738,158526375029,158526419243
739,158526419243,158526375029
740,158526427105,158526430493
741,158526430493,158526427105
742,158526463709,158526465799
743,158526465799,158526463709
744,158526469717,158526470823
745,158526470823,158526469717
746,158526508685,158526545633
747,158526545633,158526548205
748,158526548205,158526545633
749,158526548469,158503255975
750,158526571229,158526576621
751,158526576621,158526571229
752,158526580543,158526576621
753,158526611411,158526620037
754,158526620037,158526611411
755,158526671583,158526677197
756,158526677197,158526671583
757,158526725471,158526729415
758,158526729415,158526725471
759,158526800453,158526807159
760,158526807159,158526813201
761,158526813201,158526807159
762,158526820167,158526845901
763,158526845901,158526820167
764,158526850283,158526845901
765,158526864271,158526876459
766,158526876459,158526864271
767,158526932929,158526996435
768,158526996435,158526932929
769,158527000279,158527014991
770,158527014991,158527000279
771,158527062989,158527065785
772,158527065785,158527062989
773,158527068373,158527065785
774,158527110233,158527127327
775,158527127327,158527110233
776,158527176097,158527183389
777,158527183389,158527176097
778,158527185851,158527183389
779,158527188945,158527185851
780,158527193343,158527201929
781,158527201929,158527209625
782,158527209625,158527223611
783,158527223611,158527209625
784,158527231857,158527239377
785,158527239377,158527240111
786,158527240111,158527240253
787,158527240253,158527240111
788,158527245007,158527245137
789,158527245137,158527245007
790,158527247835,158527245137
791,158527300457,158527304491
792,158527304491,158527308275
793,158527308275,158527304491
794,158527388351,158527399093
795,158527399093,158527406681
796,158527406681,158527415333
797,158527415333,158527406681
798,158527424703,158527415333
799,158527468767,158527481663
800,158527481663,158527468767
801,158527484701,158527481663
802,158527491213,158527501713
803,158527501713,158527491213
804,158527514697,158527521191
805,158527521191,158527514697
806,158527524957,158527521191
807,158527543323,158527544949
808,158527544949,158527543323
809,158527567997,158527573167
810,158527573167,158527567997
811,158527593937,158527594955
812,158527594955,158527593937
813,158527636373,158527642109
814,158527642109,158527636373
815,158527645245,158527642109
816,158527647725,158527676575
817,158527676575,158527647725
818,158527682573,158527676575
819,158527694541,158527700611
820,158527700611,158527694541
821,158527733147,158527738793
822,158527738793,158527784041
823,158527784041,158527738793
824,158527816747,158527784041
825,158527821323,158527822443
826,158527822443,158527821323
827,158527835687,158527822443
828,158527860603,158527835687
829,158527894155,158527899041
830,158527899041,158527894155
831,158527907189,158527911171
832,158527911171,158527907189
833,158527919439,158527932733
834,158527932733,158527919439
835,158527991343,158527998593
836,158527998593,158527991343
837,158528039681,158528042275
838,158528042275,158528039681
839,158528073337,158528094961
840,158528094961,158528073337
841,158528126629,158528144401
842,158528144401,158528126629
843,158528157503,158528158521
844,158528158521,158528157503
845,158528160223,158528178835
846,158528178835,158528160223
847,158528196597,158528218629
848,158528218629,158528196597
849,158528250261,158528289189
850,158528289189,158528250261
851,158528519869,158528526067
852,158528526067,158528519869
853,158528531737,158528533197
854,158528533197,158528531737
855,158528566363,158528568517
856,158528568517,158528680879
857,158528680879,158528568517
858,158528686639,158528694919
859,158528694919,158528686639
860,158528812085,158528815835
861,158528815835,158528812085
862,158528821785,158528849189
863,158528849189,158528821785
864,158528850493,158528850739
865,158528850739,158528850813
866,158528850813,158528850739
867,158528850875,158528852153
868,158528852153,158528850875
869,158528861475,158528861599
870,158528861599,158528861475
871,158528861651,158528861653
872,158528861653,158528861651
873,158528956873,158528972119
874,158528972119,158528956873
875,158528972593,158528988511
876,158528988511,158528972593
877,158529027621,158529054179
878,158529054179,158529027621
879,158529062123,158529077973
880,158529077973,158529062123
881,158529126227,158529147755
882,158529147755,158529162749
883,158529162749,158529147755
884,158529197165,158529197169
885,158529197169,158529197165
886,158529208233,158529197169
887,158529241205,158529241871
888,158529241871,158529241205
889,158529256977,158529278933
890,158529261505,158529278933
891,158529278933,158529261505
892,158529299689,158529278933
893,158529326591,158529348995
894,158529348995,158529353319
895,158529353319,158529372007
896,158529372007,158529353319
897,158529403813,158529405281
898,158529405281,158529403813
899,158529434869,158529454067
900,158529454067,158529434869
901,158529470593,158529475979
902,158529475979,158529470593
903,158529476475,158529475979
904,158529529281,158529539201
905,158529539201,158529529281
906,158529599791,158529610129
907,158529610129,158529633307
908,158529633307,158529610129
909,158529636061,158529661095
910,158529661095,158529636061
911,158529844011,158529872369
912,158529872369,158529844011
913,158529878219,158529881759
914,158529881759,158529878219
915,158529888825,158529881759
916,158529910137,158529920637
917,158529920637,158529910137
918,158529952561,158529953533
919,158529953533,158529968965
920,158529968965,158529975757
921,158529975757,158529968965
922,158529992575,158529975757
923,158530000013,158530000949
924,158530000197,158505599515
925,158530000487,158530000013
926,158530000899,158530000949
927,158530000949,158530000899
928,158530063945,158530000487
929,158530067653,158530079915
930,158530079915,158530067653
931,158530309819,158530470765
932,158530470765,158530309819
933,158530520481,158530543651
934,158530543651,158530520481
935,158530562675,158530566097
936,158530566097,158530562675
937,158530566277,158530567031
938,158530567031,158530566277
939,158530580977,158530584193
940,158530584193,158530580977
941,158530622003,158530624725
942,158530624725,158530622003
943,158530654247,158503255975
944,158530718529,158530718775
945,158530718775,158530718529
946,158530724167,158530782111
947,158530782111,158530724167
948,158530802507,158530782111
949,158530880373,158530880513
950,158530880513,158530883579
951,158530883579,158530880513
952,158530884275,158530891305
953,158530891305,158530884275
954,158530908771,158530918497
955,158530918497,158530932401
956,158530932401,158530918497
957,158530950469,158530932401
958,158530951121,158530963141
959,158530963141,158530967851
960,158530967851,158530963141
961,158530968885,158530972537
962,158530972537,158530968885
963,158530972677,158530987885
964,158530987885,158530991939
965,158530991939,158530987885
966,158530994379,158530997131
967,158530997131,158530994379
968,158530999441,158531007393
969,158531007393,158530999441
970,158531009447,158531018315
971,158531018315,158531009447
972,158531029239,158531018315
973,158531094155,158531097885
974,158531097885,158531112773
975,158531112773,158531097885
976,158531155061,158531169401
977,158531169401,158531155061
978,158531173597,158531177573
979,158531177573,158531173597
980,158531210989,158531211871
981,158531211871,158531210989
982,158531215197,158531227757
983,158531227757,158531215197
984,158531234777,158531227757
985,158531294241,158531298845
986,158531298845,158531294241
987,158531303721,158531328719
988,158531328719,158531303721
989,158531353373,158531369679
990,158531369679,158531353373
991,158531370233,158531389181
992,158531389181,158531439575
993,158531439575,158531389181
994,158531543993,158531544235
995,158531544235,158531543993
996,158531606423,158531615661
997,158531615661,158531606423
998,158531675347,158531706107
999,158531706107,158531675347
1000,158531723599,158531733527
1001,158531733527,158531770969
1002,158531770969,158531733527
1003,158531800001,158531802721
1004,158531802721,158531800001
1005,158531816657,158531839153
1006,158531839153,158531816657
1007,158531852957,158531864675
1008,158531864675,158531852957
1009,158531865785,158531864675
1010,158531872309,158531865785
1011,158531878445,158531902687
1012,158531902687,158531913533
1013,158531913533,158531902687
1014,158531966657,158531970065
1015,158531970065,158531966657
1016,158532036797,158532063975
1017,158532063975,158532036797
1018,158532074415,158532092201
1019,158532092201,158532074415
1020,158532093637,158532164725
1021,158532164725,158532093637
1022,158532177935,158532204289
1023,158532204289,158532177935
1024,158532240489,158532305973
1025,158532305973,158532240489
1026,158532309441,158532320689
1027,158532320689,158532309441
1028,158532358567,158532361991
1029,158532361991,158532358567
1030,158532416017,158532416745
1031,158532416745,158532416017
1032,158532431049,158532438241
1033,158532438241,158532431049
1034,158532486825,158532571345
1035,158532571345,158532486825
1036,158532630439,158532654099
1037,158532654099,158532630439
1038,158532682209,158532654099
1039,158532715591,158532716103
1040,158532716103,158532715591
1041,158532969399,158532976997
1042,158532976997,158532969399
1043,158532977087,158532976997
1044,158533000993,158533004431
1045,158533004431,158533000993
1046,158533004503,158533004431
1047,158533054951,158533079581
1048,158533079581,158533054951
1049,158533095537,158533109771
1050,158533109771,158533095537
1051,158533125199,158533134533
1052,158533134533,158533125199
1053,158533176113,158533190063
1054,158533190063,158533176113
1055,158533241655,158533244419
1056,158533244419,158533241655
1057,158533261015,158533241655
1058,158533291247,158533303379
1059,158533303379,158533291247
1060,158533313495,158533324373
1061,158533324373,158533313495
1062,158533334865,158533353117
1063,158533353117,158533354073
1064,158533354073,158533353117
1065,158533396317,158533416191
1066,158533416191,158533396317
1067,158533426141,158533432501
1068,158533432501,158533450889
1069,158533450889,158533432501
1070,158533473557,158533509535
1071,158533509535,158533473557
1072,158533612803,158533618671
1073,158533618671,158533612803
1074,158533669999,158533697379
1075,158533697379,158533698769
1076,158533698769,158533697379
1077,158533714541,158533721849
1078,158533721849,158533714541
1079,158533732041,158533753413
1080,158533753413,158533732041
1081,158533819199,158533820373
1082,158533820373,158533831193
1083,158533831193,158533820373
1084,158533845519,158533885605
1085,158533885605,158533845519
1086,158533886039,158533885605
1087,158533891789,158533886039
1088,158533908213,158533930771
1089,158533930771,158533908213
1090,158533948175,158533930771
1091,158533999719,158534038697
1092,158534038697,158533999719
1093,158534038891,158534056291
1094,158534056291,158534038891
1095,158534066181,158534067061
1096,158534067061,158534079533
1097,158534079533,158534067061
1098,158534085701,158534091871
1099,158534091871,158534085701
1100,158534099673,158534104565
1101,158534104565,158534099673
1102,158534232945,158534238613
1103,158534238613,158534232945
1104,158534239163,158534238613
1105,158534287819,158534296023
1106,158534296023,158534287819
1107,158534307125,158534326833
1108,158534326833,158534307125
1109,158534338485,158534344291
1110,158534344291,158534338485
1111,158534366273,158534382743
1112,158534382743,158534366273
1113,158534400203,158534409391
1114,158534409391,158534400203
1115,158534426341,158534427431
1116,158534427431,158534426341
1117,158534447085,158534486215
1118,158534486215,158534494079
1119,158534494079,158534486215
1120,158534562559,158534584617
1121,158534584617,158534562559
1122,158534633649,158534642939
1123,158534642939,158534633649
1124,158534664313,158534642939
1125,158534720431,158534734601
1126,158534734601,158534720431
1127,158534768887,158534770753
1128,158534770753,158534768887
1129,158534778517,158534770753
1130,158534933619,158535015081
1131,158535015081,158534933619
1132,158535050471,158535065609
1133,158535065609,158535050471
1134,158535071695,158535073843
1135,158535073843,158535086725
1136,158535086725,158535073843
1137,158535102481,158535086725
1138,158535115441,158535128081
1139,158535128081,158535148871
1140,158535148871,158535128081
1141,158535215339,158535306035
1142,158535306035,158535309997
1143,158535309997,158535306035
1144,158535319061,158535309997
1145,158535332653,158535351095
1146,158535351095,158535332653
1147,158535398401,158535404795
1148,158535404795,158535398401
1149,158535411939,158535519957
1150,158535519957,158535411939
1151,158535548489,158535548677
1152,158535548677,158535554247
1153,158535554247,158535548677
1154,158535554369,158535575063
1155,158535575063,158535554369
1156,158535625565,158535626943
1157,158535626943,158535625565
1158,158535695451,158535715927
1159,158535715927,158535695451
1160,158535719215,158535737647
1161,158535737647,158535719215
1162,158535751957,158535755133
1163,158535755133,158535751957
1164,158535780451,158535786175
1165,158535786175,158535780451
1166,158535789433,158535821517
1167,158535821517,158535836403
1168,158535836403,158535821517
1169,158535876931,158535905161
1170,158535905161,158535876931
1171,158535924329,158535929535
1172,158535929535,158535924329
1173,158535936957,158535946699
1174,158535946699,158535936957
1175,158535952289,158535956097
1176,158535956097,158535964085
1177,158535964085,158535956097
1178,158535970759,158535964085
1179,158535971159,158535990237
1180,158535990237,158535971159
1181,158535998147,158536080123
1182,158536080123,158535998147
1183,158536204093,158536217569
1184,158536207643,158536217569
1185,158536217569,158536207643
1186,158536228117,158536254775
1187,158536254775,158536280105
1188,158536280105,158536254775
1189,158536286075,158536292365
1190,158536292365,158536286075
1191,158536301933,158536314173
1192,158536314173,158536301933
1193,158536314175,158536314173
1194,158536337105,158536338179
1195,158536338179,158536337105
1196,158536405201,158536407037
1197,158536407037,158536405201
1198,158536486643,158536521561
1199,158536521561,158536486643
1200,158536543525,158536558521
1201,158536558521,158536543525
1202,158536600757,158536558521
1203,158536794911,158536839653
1204,158536839653,158536794911
1205,158536899011,158536924455
1206,158536924455,158536899011
1207,158536953997,158536966181
1208,158536966181,158536953997
1209,158536986017,158536966181
1210,158537045417,158537049775
1211,158537049775,158537045417
1212,158537080635,158537167795
1213,158537167795,158537167847
1214,158537167847,158537167795
1215,158537175995,158537178671
1216,158537178671,158537175995
1217,158537181927,158537196953
1218,158537196953,158537181927
1219,158537197651,158537221881
1220,158537221881,158537197651
1221,158537222109,158537236155
1222,158537236155,158537255497
1223,158537255497,158537236155
1224,158537286833,158537291421
1225,158537291421,158537295449
1226,158537295449,158537296587
1227,158537296587,158537295449
1228,158537302231,158537303581
1229,158537303581,158537306927
1230,158537306927,158537303581
1231,158537320075,158537332201
1232,158537332201,158537320075
1233,158537447891,158537468711
1234,158537468711,158537447891
1235,158537476909,158537468711
1236,158537478275,158537481769
1237,158537481769,158537478275
1238,158537497281,158537526725
1239,158537526725,158537546551
1240,158537546551,158537570447
1241,158537570447,158537546551
1242,158537587461,158537570447
1243,158537610525,158537620671
1244,158537620671,158537650175
1245,158537650175,158537620671
1246,158537734435,158537771627
1247,158537771627,158537734435
1248,158537809043,158537815235
1249,158537815235,158537826239
1250,158537826239,158537815235
1251,158537864331,158537942677
1252,158537942677,158537864331
1253,158538005601,158538033555
1254,158538033555,158538005601
1255,158538082973,158538122633
1256,158538122633,158538082973
1257,158538153395,158538169473
1258,158538169473,158538153395
1259,158538178087,158538197409
1260,158538197409,158538202751
1261,158538202751,158538208631
1262,158538208631,158538202751
1263,158538220999,158538257071
1264,158538257071,158538280131
1265,158538280131,158538304929
1266,158538304929,158538280131
1267,158538335491,158538280131
1268,158538335547,158538338599
1269,158538338599,158538335547
1270,158538359849,158538380821
1271,158538377103,158538380821
1272,158538380821,158538377103
1273,158538403065,158538406629
1274,158538406629,158538408939
1275,158538408939,158538406629
1276,158538421045,158538408939
1277,158538429023,158538435153
1278,158538435153,158538429023
1279,158538535305,158538549041
1280,158538549041,158538535305
1281,158538555107,158530000487
1282,158538598299,158538606275
1283,158538606275,158538614029
1284,158538614029,158538627883
1285,158538627883,158538614029
1286,158538675207,158538679865
1287,158538679865,158538687443
1288,158538687443,158538679865
1289,158538692793,158538698881
1290,158538698881,158538692793
1291,158538744271,158538745393
1292,158538745393,158538744271
1293,158538775141,158538797349
1294,158538797349,158538775141
1295,158538809113,158538797349
1296,158538847657,158538887397
1297,158538887397,158538847657
1298,158538940885,158538941419
1299,158538941419,158538940885
1300,158538961427,158538941419
1301,158538971645,158538977615
1302,158538977615,158538982633
1303,158538982633,158538977615
1304,158539002247,158539005325
1305,158539005325,158539002247
1306,158539026501,158539005325
1307,158539028395,158539033439
1308,158539033439,158539042919
1309,158539042919,158539043273
1310,158539043273,158539042919
1311,158539051653,158539129559
1312,158539129559,158539051653
1313,158539136511,158539163039
1314,158539163039,158539136511
1315,158539169457,158539163039
1316,158539174755,158539169457
1317,158539181203,158539174755
1318,158539182145,158539182533
1319,158539182533,158539182145
1320,158539225833,158530000197
1321,158539284327,158539304343
1322,158539304343,158539391487
1323,158539391487,158539304343
1324,158539452269,158539459583
1325,158539459583,158539452269
1326,158539469491,158539459583
1327,158539481421,158539469491
1328,158539492551,158539481421
1329,158539501019,158539548997
1330,158539548997,158539501019
1331,158539551379,158539672541
1332,158539672541,158539551379
1333,158539690457,158539672541
1334,158539720955,158539739077
1335,158539739077,158539720955
1336,158539752923,158539784377
1337,158539784377,158539752923
1338,158539826351,158539832895
1339,158539832895,158539826351
1340,158539833047,158539840633
1341,158539840633,158539863973
1342,158539863973,158539840633
1343,158539865717,158539863973
1344,158539868605,158539872275
1345,158539872275,158539868605
1346,158590044649,158590054303
1347,158590054303,158590044649
1348,158590157389,158590158207
1349,158590158207,158590157389
1350,158590213135,158590216865
1351,158590216865,158590213135
1352,158590219577,158590235035
1353,158590235035,158590219577
1354,158590237927,158590237991
1355,158590237991,158590237927
1356,158590238393,158590238933
1357,158590238933,158590238393
1358,158590238943,158590239747
1359,158590239747,158590238943
1360,158590240819,158590240843
1361,158590240843,158590240819
1362,158590241017,158590242179
1363,158590242179,158590241017
1364,158590245105,158590242179
1365,158590245167,158590246183
1366,158590246183,158590245167
1367,158590248503,158590257539
1368,158590257539,158590268503
1369,158590268503,158590257539
1370,158590274393,158590268503
1371,158590275537,158590274393
1372,158590304535,158590314743
1373,158590314743,158590304535
1374,158590393333,158590419441
1375,158590419441,158590440585
1376,158590440585,158590419441
1377,158590531433,158590542743
1378,158590542743,158590592985
1379,158590592985,158590542743
1380,158590593785,158590613387
1381,158590613387,158590593785
1382,158590616383,158590617271
1383,158590617271,158590616383
1384,158590621031,158590626873
1385,158590626873,158590621031
1386,158590645481,158590647299
1387,158590647299,158590653091
1388,158590653091,158590647299
1389,158590838451,158590874531
1390,158590874531,158590838451
1391,158590923749,158591031001
1392,158591031001,158590923749
1393,158591140235,158591140237
1394,158591140237,158591140235
1395,158591346909,158591351479
1396,158591351479,158591346909
1397,158591483899,158591571845
1398,158591571845,158591619013
1399,158591619013,158591571845
1400,158591702765,158591835959
1401,158591835959,158591702765
1402,158591851671,158591702765
1403,158592132607,158592156963
1404,158592156963,158592132607
1405,158592158343,158592201775
1406,158592201775,158592158343
1407,158592304125,158592317235
1408,158592317235,158592304125
1409,158592459767,158592556043
1410,158592556043,158592459767
1411,158592921177,158593104613
1412,158593104613,158592921177
1413,158593122093,158593104613
1414,158593523999,158593867387
1415,158593867387,158593523999
1416,158593871445,158593867387
1417,158593967633,158598018883
1418,158598018883,158593967633
1419,158598041405,158598060279
1420,158598060279,158598102309
1421,158598102309,158598060279
1422,158598231571,158598235811
1423,158598235811,158598231571
1424,158598254117,158598260389
1425,158598260389,158598254117
1426,158598280647,158598282177
1427,158598282177,158598290677
1428,158598290677,158598282177
1429,158598316205,158598290677
1430,158598318911,158598316205
1431,158598330785,158598368915
1432,158598368915,158598330785
1433,158598400011,158598435201
1434,158598435201,158598400011
1435,158598463589,158598468749
1436,158598468749,158598463589
1437,158598472681,158598474873
1438,158598474873,158598472681
1439,158598692425,158598715073
1440,158598715073,158598692425
1441,158598718319,158598715073
1442,158598730949,158598743649
1443,158598743649,158598730949
1444,158598789215,158598811977
1445,158598811977,158598789215
1446,158598860987,158598862543
1447,158598862543,158598860987
1448,158598948789,158598951543
1449,158598951543,158598948789
1450,158598967733,158598951543
1451,158598970237,158598974849
1452,158598974849,158598985763
1453,158598985763,158598986209
1454,158598986209,158598985763
1455,158599067639,158599084945
1456,158599084945,158599104843
1457,158599104843,158599084945
1458,158599212629,158599214323
1459,158599214323,158599212629
1460,158599241831,158599242749
1461,158599242749,158599244739
1462,158599244739,158599242749
1463,158599280705,158599304333
1464,158599304333,158599280705
1465,158599304335,158599304333
1466,158599392563,158599394057
1467,158599394057,158599401929
1468,158599401929,158599394057
1469,158599409443,158599493415
1470,158599493415,158599409443
1471,158599493449,158599512371
1472,158599512371,158599493449
1473,158599668125,158599668691
1474,158599668691,158599673993
1475,158599673993,158599675973
1476,158599675973,158599703973
1477,158599703973,158599675973
1478,158599709033,158599703973
1479,158599784313,158599790851
1480,158599790851,158599784313
1481,158599814361,158599824411
1482,158599824411,158599814361
1483,158599834357,158599824411
1484,158599877651,158599893059
1485,158599893059,158599877651
1486,158599919033,158599940677
1487,158599940677,158599919033
1488,158599944901,158599955935
1489,158599955935,158599944901
